# Created by Octave 4.0.3, Mon Oct 31 12:22:16 2016 ART <lumarzo@localhost>
# name: ojos
# type: cell
# rows: 1
# columns: 3
# name: <cell-element>
# type: matrix
# rows: 1471
# columns: 3
 27 17 0
 6 77 0
 22 17 0
 -5 27 0
 50 57 0
 -34 67 0
 24 77 0
 40 97 0
 11 17 0
 41 37 0
 -20 67 0
 -51 77 0
 73 7 0
 -26 27 0
 37 47 0
 6 77 0
 34 87 0
 -6 8 0
 17 27 0
 42 67 0
 27 86 0
 27 86 0
 18 16 0
 34 36 0
 21 56 0
 23 76 0
 44 96 0
 27 16 0
 40 36 0
 8 66 0
 25 76 0
 73 6 0
 73 6 0
 36 46 0
 36 46 0
 27 76 0
 201 96 0
 120 16 0
 338 36 0
 -53 56 0
 -101 76 0
 -125 96 0
 -125 96 0
 -165 26 0
 73 66 0
 73 66 0
 37 6 0
 37 6 0
 42 36 0
 45 56 0
 64 86 0
 53 6 0
 -8 26 0
 2 46 0
 66 66 0
 11 86 0
 -17 6 0
 25 16 0
 26 46 0
 39 66 0
 -35 86 0
 76 6 0
 85 26 0
 321 46 0
 73 66 0
 73 66 0
 -105 96 0
 -107 26 0
 17 46 0
 57 66 0
 28 86 0
 17 6 0
 50 25 47
 35 55 47
 114 75 47
 88 15 47
 17 25 47
 68 35 47
 8 75 47
 8 75 47
 66 5 47
 22 25 47
 1 45 47
 21 85 47
 21 85 47
 -8 5 47
 48 25 47
 2 45 47
 55 75 47
 50 95 47
 28 15 47
 92 39 47
 52 55 47
 19 85 47
 19 85 47
 156 15 47
 -130 35 41
 69 55 41
 -39 75 41
 -44 15 41
 -51 24 41
 -39 45 41
 29 65 41
 81 95 41
 64 15 41
 19 35 41
 27 55 41
 54 75 41
 50 95 41
 50 95 41
 72 45 41
 37 65 41
 43 85 41
 18 5 41
 5 29 41
 39 45 41
 68 65 41
 28 85 41
 26 25 41
 85 44 40
 64 64 40
 104 84 40
 -245 4 40
 82 14 40
 82 14 40
 35 54 40
 16 74 40
 -92 94 40
 -6 24 40
 6 43 40
 18 64 40
 54 74 40
 54 4 40
 -6 24 40
 34 44 40
 28 84 40
 42 4 40
 40 22 40
 41 24 40
 40 64 40
 38 74 40
 38 74 40
 42 14 40
 50 34 40
 43 64 30
 34 84 30
 67 87 30
 101 34 30
 66 64 30
 -12 84 30
 199 4 30
 97 17 30
 -1 44 30
 -1 44 30
 17 74 30
 17 74 30
 -83 84 30
 -49 44 30
 -8 64 30
 -61 84 30
 -61 84 30
 50 14 30
 37 54 30
 121 74 30
 22 94 30
 37 4 30
 40 24 30
 35 34 30
 50 44 30
 28 71 30
 17 3 21
 11 33 21
 38 63 21
 12 83 21
 34 3 21
 34 3 21
 -29 63 21
 33 83 21
 36 3 21
 27 23 21
 56 43 21
 -27 63 21
 68 93 21
 43 13 21
 20 33 21
 22 43 21
 9 83 21
 89 13 21
 24 23 21
 427 53 21
 -124 73 21
 104 75 21
 58 23 30
 -85 33 30
 -55 53 30
 -41 73 30
 -41 73 30
 -65 13 30
 -14 33 30
 65 53 30
 27 83 30
 55 3 30
 66 23 30
 39 53 30
 48 73 30
 23 93 30
 50 13 30
 97 33 30
 43 53 30
 38 73 30
 67 3 30
 -9 23 30
 16 43 30
 12 63 30
 5 83 30
 -5 3 30
 18 12 35
 93 32 35
 9 62 35
 67 92 35
 75 12 35
 258 22 35
 179 42 35
 -99 62 35
 3 82 35
 3 82 35
 82 22 35
 -106 42 35
 -73 62 35
 -34 82 35
 23 2 35
 45 32 35
 91 42 35
 98 52 35
 24 92 35
 65 22 35
 90 52 35
 45 72 35
 29 92 35
 29 92 35
 34 32 44
 35 52 44
 72 74 44
 64 2 44
 8 22 44
 -3 42 44
 57 62 44
 32 82 44
 5 2 44
 195 22 44
 -85 52 44
 -234 72 44
 -49 92 44
 55 12 44
 5 32 44
 -35 52 44
 0 72 44
 -59 2 44
 24 32 44
 43 52 44
 77 72 44
 50 92 44
 23 12 44
 42 32 44
 40 51 53
 29 71 53
 17 11 53
 48 31 53
 41 51 53
 113 71 53
 66 91 53
 72 21 53
 26 41 53
 39 71 53
 39 71 53
 23 1 53
 162 21 53
 -58 41 53
 102 61 53
 97 81 53
 6 1 53
 -30 31 53
 -30 31 53
 -22 61 53
 17 81 53
 9 3 53
 98 21 53
 19 58 50
 70 81 50
 70 81 50
 146 21 50
 6 41 50
 26 71 50
 35 79 50
 90 21 50
 43 41 50
 24 56 50
 6 91 50
 57 11 50
 26 31 50
 18 51 50
 20 91 50
 20 91 50
 -4 21 50
 26 41 50
 -4 61 50
 32 1 50
 55 31 50
 -3 51 50
 -10 80 51
 23 10 51
 56 40 51
 -101 60 51
 164 80 51
 497 0 51
 18 10 51
 -275 40 51
 -65 60 51
 -21 85 51
 -86 0 51
 -36 30 51
 -43 40 51
 -40 60 51
 58 90 51
 61 30 51
 83 50 51
 28 70 51
 43 90 51
 57 10 51
 68 40 51
 74 60 51
 24 80 51
 65 0 53
 24 30 53
 40 60 53
 38 70 53
 80 10 53
 42 30 53
 -1 50 53
 38 70 53
 -3 10 53
 39 30 53
 38 44 53
 -22 80 53
 162 90 53
 266 20 53
 148 40 53
 -125 60 53
 -75 80 53
 -75 80 53
 -66 30 53
 -8 50 53
 -54 70 53
 37 8 30
 51 29 30
 66 49 30
 92 69 30
 54 89 30
 40 9 30
 58 39 30
 26 69 30
 42 89 30
 42 89 30
 37 29 30
 16 59 30
 27 79 30
 4 99 30
 54 19 30
 41 39 30
 37 59 30
 267 89 30
 -83 9 30
 233 29 30
 -93 49 30
 -76 79 30
 -8 9 30
 -8 9 30
 -8 49 40
 -21 59 40
 -3 89 40
 27 9 40
 51 39 40
 85 69 40
 41 89 40
 56 9 40
 58 29 40
 7 49 40
 34 69 40
 -13 89 40
 36 29 40
 -46 49 40
 87 69 40
 65 89 40
 65 19 40
 58 39 40
 9 59 40
 43 79 40
 42 99 40
 56 19 40
 -11 41 44
 182 78 44
 -18 98 44
 97 18 44
 -23 48 44
 -42 78 44
 -25 98 44
 27 18 44
 44 38 44
 75 48 44
 39 88 44
 23 98 44
 40 28 44
 -40 48 44
 61 68 44
 54 88 44
 64 8 44
 32 38 44
 26 58 44
 45 78 44
 25 98 44
 12 18 44
 34 38 44
 22 58 50
 38 88 50
 43 8 50
 83 38 50
 92 58 50
 230 78 50
 118 98 50
 115 18 50
 -113 58 50
 144 68 50
 68 98 50
 -42 18 50
 -18 38 50
 -41 58 50
 17 78 50
 4 98 50
 84 18 50
 55 48 50
 57 68 50
 60 88 50
 80 8 50
 34 28 50
 41 51 50
 -9 85 74
 38 7 74
 35 27 74
 54 47 74
 57 67 74
 48 87 74
 26 17 74
 26 17 74
 21 57 74
 97 77 74
 197 97 74
 136 27 74
 -21 57 74
 58 77 74
 -13 97 74
 -26 17 74
 70 37 74
 -9 67 74
 -27 87 74
 52 17 74
 38 27 74
 38 57 74
 58 77 74
 81 97 66
 -6 17 66
 21 57 66
 52 77 66
 17 87 66
 57 17 66
 18 37 66
 -19 57 66
 66 77 66
 16 7 66
 38 37 66
 38 37 66
 -22 67 66
 -102 97 66
 339 27 66
 -4 47 66
 0 67 66
 -55 87 66
 -17 17 66
 -9 37 66
 57 73 66
 49 95 66
 57 16 48
 60 36 48
 60 56 48
 -1 85 48
 86 16 48
 86 16 48
 80 51 48
 64 86 48
 36 6 48
 8 26 48
 34 56 48
 72 76 48
 42 96 48
 42 16 48
 36 36 48
 65 56 48
 70 86 48
 49 6 48
 49 26 48
 52 46 48
 246 66 48
 51 86 48
 -98 6 48
 -98 6 48
 -120 46 51
 21 86 51
 10 96 51
 -66 26 51
 21 36 51
 65 66 51
 61 76 51
 43 96 51
 53 16 51
 18 36 51
 74 56 51
 52 76 51
 68 6 51
 68 6 51
 70 16 51
 32 66 51
 11 86 51
 43 6 51
 22 26 51
 99 46 51
 20 66 51
 11 86 51
 43 6 51
 18 26 51
 32 45 47
 71 65 47
 3 85 47
 72 5 47
 36 35 47
 36 35 47
 -9 65 47
 -2 85 47
 26 5 47
 27 25 47
 -8 45 47
 51 75 47
 12 95 47
 51 15 47
 10 45 47
 44 65 47
 44 75 47
 -12 5 47
 178 25 47
 41 45 47
 41 45 47
 -4 46 47
 39 85 47
 9 14 47
 50 35 47
 -14 65 53
 2 85 53
 -57 5 53
 -57 5 53
 -14 35 53
 65 55 53
 57 75 53
 80 95 53
 75 15 53
 42 45 53
 6 55 53
 80 65 53
 35 5 53
 48 25 53
 77 45 53
 9 75 53
 8 5 53
 26 15 53
 42 45 53
 24 55 53
 58 75 53
 -40 5 53
 60 25 53
 26 35 53
 58 64 67
 58 64 67
 265 90 67
 401 4 67
 -173 34 67
 83 54 67
 -142 74 67
 -12 4 67
 -12 24 67
 28 54 67
 -3 74 67
 56 94 67
 16 14 67
 137 34 67
 28 54 67
 92 74 67
 92 74 67
 45 4 67
 28 34 67
 55 57 67
 1 84 67
 -14 94 67
 48 24 67
 33 34 67
 29 44 67
 42 64 67
 24 84 67
 28 24 67
 50 44 67
 57 64 67
 68 74 67
 33 94 67
 33 94 67
 23 34 67
 45 54 67
 41 74 67
 -18 94 67
 27 14 67
 372 34 67
 236 54 67
 -83 74 67
 1 94 67
 -21 14 67
 -44 34 67
 -42 44 67
 8 74 67
 64 94 67
 49 4 67
 42 34 67
 130 54 67
 21 74 67
 89 91 67
 55 3 70
 39 23 70
 21 53 70
 26 83 70
 -20 3 70
 38 23 70
 42 33 70
 64 63 70
 71 83 70
 4 3 70
 35 19 70
 58 43 70
 28 63 70
 38 83 70
 48 3 70
 38 23 70
 -27 33 70
 27 63 70
 59 93 70
 67 13 70
 179 33 70
 -115 63 70
 20 93 70
 -27 13 66
 -66 33 66
 -56 63 66
 7 83 66
 -5 23 66
 20 43 66
 9 63 66
 9 63 66
 43 83 66
 51 13 66
 65 43 66
 61 63 66
 58 83 66
 39 13 66
 26 23 66
 80 33 66
 76 63 66
 36 83 66
 -4 3 66
 34 23 66
 -4 43 66
 19 63 66
 66 93 66
 66 93 66
 36 42 64
 22 62 64
 -98 82 64
 279 2 64
 182 22 64
 -59 42 64
 -73 72 64
 -82 84 64
 -22 12 64
 -72 22 64
 81 52 64
 0 72 64
 19 92 64
 48 12 64
 40 22 64
 45 52 64
 69 66 64
 54 92 64
 49 11 64
 34 32 64
 2 52 64
 2 52 64
 73 82 64
 6 12 64
 35 32 64
 8 52 66
 54 72 66
 -6 90 66
 61 12 66
 38 42 66
 21 62 66
 50 92 66
 -13 12 66
 10 32 66
 40 52 66
 54 72 66
 33 92 66
 225 32 66
 -145 52 66
 -122 72 66
 135 92 66
 118 12 66
 24 32 66
 8 52 66
 -27 72 66
 -10 82 66
 -33 12 66
 32 31 66
 -3 52 66
 74 81 61
 74 81 61
 73 11 61
 60 31 61
 96 71 61
 22 81 61
 23 11 61
 36 31 61
 36 31 61
 56 61 61
 -2 81 61
 70 21 61
 87 31 61
 0 61 61
 53 81 61
 53 81 61
 55 41 61
 66 61 61
 37 81 61
 133 1 61
 153 21 61
 170 41 61
 84 71 61
 -227 91 64
 -10 31 64
 83 51 64
 43 71 64
 22 1 64
 96 21 64
 56 51 64
 9 71 64
 58 91 64
 26 21 64
 70 38 64
 35 61 64
 71 93 64
 34 21 64
 2 41 64
 12 61 64
 64 81 64
 27 1 64
 52 11 64
 -9 41 64
 36 61 64
 -36 0 69
 60 20 69
