# Created by Octave 4.0.3, Mon Oct 31 12:30:33 2016 ART <lumarzo@localhost>
# name: trainOjos
# type: cell
# rows: 1
# columns: 3
# name: <cell-element>
# type: matrix
# rows: 1000
# columns: 1
 27
 6
 22
 -5
 50
 -34
 24
 40
 11
 41
 -20
 -51
 73
 -26
 37
 6
 34
 -6
 17
 42
 27
 27
 18
 34
 21
 23
 44
 27
 40
 8
 25
 73
 73
 36
 36
 27
 201
 120
 338
 -53
 -101
 -125
 -125
 -165
 73
 73
 37
 37
 42
 45
 64
 53
 -8
 2
 66
 11
 -17
 25
 26
 39
 -35
 76
 85
 321
 73
 73
 -105
 -107
 17
 57
 28
 17
 50
 35
 114
 88
 17
 68
 8
 8
 66
 22
 1
 21
 21
 -8
 48
 2
 55
 50
 28
 92
 52
 19
 19
 156
 -130
 69
 -39
 -44
 -51
 -39
 29
 81
 64
 19
 27
 54
 50
 50
 72
 37
 43
 18
 5
 39
 68
 28
 26
 85
 64
 104
 -245
 82
 82
 35
 16
 -92
 -6
 6
 18
 54
 54
 -6
 34
 28
 42
 40
 41
 40
 38
 38
 42
 50
 43
 34
 67
 101
 66
 -12
 199
 97
 -1
 -1
 17
 17
 -83
 -49
 -8
 -61
 -61
 50
 37
 121
 22
 37
 40
 35
 50
 28
 17
 11
 38
 12
 34
 34
 -29
 33
 36
 27
 56
 -27
 68
 43
 20
 22
 9
 89
 24
 427
 -124
 104
 58
 -85
 -55
 -41
 -41
 -65
 -14
 65
 27
 55
 66
 39
 48
 23
 50
 97
 43
 38
 67
 -9
 16
 12
 5
 -5
 18
 93
 9
 67
 75
 258
 179
 -99
 3
 3
 82
 -106
 -73
 -34
 23
 45
 91
 98
 24
 65
 90
 45
 29
 29
 34
 35
 72
 64
 8
 -3
 57
 32
 5
 195
 -85
 -234
 -49
 55
 5
 -35
 0
 -59
 24
 43
 77
 50
 23
 42
 40
 29
 17
 48
 41
 113
 66
 72
 26
 39
 39
 23
 162
 -58
 102
 97
 6
 -30
 -30
 -22
 17
 9
 98
 19
 70
 70
 146
 6
 26
 35
 90
 43
 24
 6
 57
 26
 18
 20
 20
 -4
 26
 -4
 32
 55
 -3
 -10
 23
 56
 -101
 164
 497
 18
 -275
 -65
 -21
 -86
 -36
 -43
 -40
 58
 61
 83
 28
 43
 57
 68
 74
 24
 65
 24
 40
 38
 80
 42
 -1
 38
 -3
 39
 38
 -22
 162
 266
 148
 -125
 -75
 -75
 -66
 -8
 -54
 37
 51
 66
 92
 54
 40
 58
 26
 42
 42
 37
 16
 27
 4
 54
 41
 37
 267
 -83
 233
 -93
 -76
 -8
 -8
 -8
 -21
 -3
 27
 51
 85
 41
 56
 58
 7
 34
 -13
 36
 -46
 87
 65
 65
 58
 9
 43
 42
 56
 -11
 182
 -18
 97
 -23
 -42
 -25
 27
 44
 75
 39
 23
 40
 -40
 61
 54
 64
 32
 26
 45
 25
 12
 34
 22
 38
 43
 83
 92
 230
 118
 115
 -113
 144
 68
 -42
 -18
 -41
 17
 4
 84
 55
 57
 60
 80
 34
 41
 -9
 38
 35
 54
 57
 48
 26
 26
 21
 97
 197
 136
 -21
 58
 -13
 -26
 70
 -9
 -27
 52
 38
 38
 58
 81
 -6
 21
 52
 17
 57
 18
 -19
 66
 16
 38
 38
 -22
 -102
 339
 -4
 0
 -55
 -17
 -9
 57
 49
 57
 60
 60
 -1
 86
 86
 80
 64
 36
 8
 34
 72
 42
 42
 36
 65
 70
 49
 49
 52
 246
 51
 -98
 -98
 -120
 21
 10
 -66
 21
 65
 61
 43
 53
 18
 74
 52
 68
 68
 70
 32
 11
 43
 22
 99
 20
 11
 43
 18
 32
 71
 3
 72
 36
 36
 -9
 -2
 26
 27
 -8
 51
 12
 51
 10
 44
 44
 -12
 178
 41
 41
 -4
 39
 9
 50
 -14
 2
 -57
 -57
 -14
 65
 57
 80
 75
 42
 6
 80
 35
 48
 77
 9
 8
 26
 42
 24
 58
 -40
 60
 26
 58
 58
 265
 401
 -173
 83
 -142
 -12
 -12
 28
 -3
 56
 16
 137
 28
 92
 92
 45
 28
 55
 1
 -14
 48
 33
 29
 42
 24
 28
 50
 57
 68
 33
 33
 23
 45
 41
 -18
 27
 372
 236
 -83
 1
 -21
 -44
 -42
 8
 64
 49
 42
 130
 21
 89
 55
 39
 21
 26
 -20
 38
 42
 64
 71
 4
 35
 58
 28
 38
 48
 38
 -27
 27
 59
 67
 179
 -115
 20
 -27
 -66
 -56
 7
 -5
 20
 9
 9
 43
 51
 65
 61
 58
 39
 26
 80
 76
 36
 -4
 34
 -4
 19
 66
 66
 36
 22
 -98
 279
 182
 -59
 -73
 -82
 -22
 -72
 81
 0
 19
 48
 40
 45
 69
 54
 49
 34
 2
 2
 73
 6
 35
 8
 54
 -6
 61
 38
 21
 50
 -13
 10
 40
 54
 33
 225
 -145
 -122
 135
 118
 24
 8
 -27
 -10
 -33
 32
 -3
 74
 74
 73
 60
 96
 22
 23
 36
 36
 56
 -2
 70
 87
 0
 53
 53
 55
 66
 37
 133
 153
 170
 84
 -227
 -10
 83
 43
 22
 96
 56
 9
 58
 26
 70
 35
 71
 34
 2
 12
 64
 27
 52
 -9
 36
 -36
 60
 7
 24
 344
 247
 -34
 20
 -40
 104
 104
 -38
 -4
 -20
 -6
 49
 83
 75
 26
 18
 21
 40
 41
 20
 48
 48
 32
 23
 18
 26
 -98
 23
 35
 11
 38
 38
 41
 33
 19
 29
 -12
 69
 10
 50
 -19
 57
 105
 176
 35
 -13
 -13
 -35
 76
 56
 35
 28
 34
 80
 1
 39
 33
 -12
 22
 54
 51
 45
 29
 29
 37
 16
 122
 105
 -106
 -11
 280
 -124
 -25
 13
 80
 168
 88
 18
 -7
 -7
 22
 26
 -8
 24
 60
 49
 25
 18
 43
 67
 35
 64
 -18
 13
 13
 27
 97
 122
 -155
 258
 -27
 34
 8
 11
 102
 122
 43
 29
 25
 11
 54
 66
 11
 -13
 26
 43
 43
 52
 12
 91
 50
 4
 26
 26
 44
 7
 19
 -2
 22
 32
 221
 407
 -41
 -50
 39
 -188
 -69
 -21
 75
 75
 65
 48
 38
 35
 29
 3
 3
 37
 44
 26
 -2
 -2
 -1
 45
 40
 25
 34
 51
 74
 74
 49
 -38
 84
 179
 64
 -24
 -257
 -33
 -7
 -84
 -44
 34
 42
 68
 57
 24
 -2
 51
 27
 11
 33
 34
 28
 51
 -8
 83
 0
 38
 38
 27
 108
 120
 128
 267
 -62
 -62
 36
 23
 -12
 43
 24
 36
 35
 85
 57
 26
 -18
 97
 55
 74
 32
 12
 39
 44
 -11
 56
 33



