# Created by Octave 3.8.2, Fri Oct 07 20:56:33 2016 ART <luis@debian>
# name: var_coef
# type: scalar
1.016290075655442


