# Created by Octave 3.8.2, Fri Oct 07 20:55:41 2016 ART <luis@debian>
# name: fano_fact
# type: matrix
# rows: 100
# columns: 1
 1.003236812833321
 1.002528710870273
 1.00188125321406
 0.9675680923257078
 1.004350301383475
 1.001790065138463
 0.9952513549798588
 0.9726155677994269
 0.9963233009691637
 1.01265367932034
 1.007136611096997
 0.9766652223019425
 1.035546561404311
 1.017165840695257
 1.094813748659903
 0.9985270318110565
 1.037596103530173
 1.045990369067296
 0.9494979038705289
 1.060906823508949
 1.05393814330466
 1.010335479498475
 1.002631363673549
 1.0719020254893
 1.075183026600028
 1.150286612426034
 1.133807772269313
 1.123398471814759
 1.091647172148068
 1.141058217981298
 0.9820647579844967
 1.065562888787741
 1.024846863384561
 1.065336982919398
 0.9549257759784078
 1.052556626008445
 1.086770399590913
 1.034805498683826
 1.086315027120314
 1.110176405820521
 0.9705278366247032
 1.017991812109458
 1.070810378834253
 1.006751296822461
 1.124624624624627
 1.061580272498386
 1.064949201741655
 1.112226900318617
 1.033056812468578
 1.011982991882491
 1.029615988407197
 1.108861357659436
 1.064616643585546
 1.191875899568206
 0.9664258393540159
 1.055093854575272
 0.948165680473372
 1.091784780514656
 1.065228808515108
 1.189705567833464
 0.9371861424716567
 1.013267668786063
 0.9759194067860084
 1.007383806200375
 1.085354062729629
 1.01014930052118
 1.154997815813511
 1.071073005138938
 1.063540981810214
 0.8996027446731676
 0.9871090448013525
 1.018080210387902
 0.9446861584870646
 1.062780334575206
 0.9686642642108232
 1.093726003884548
 1.151659709799246
 1.068925665680474
 1.015857362011207
 0.8255710377298465
 0.9187472939818154
 0.9746197858085972
 1.120216962524655
 0.994182288299935
 1.030900723208416
 1.149867374005306
 0.7771376172185886
 0.906110907472377
 0.9481544096928713
 1.100236331005562
 0.9860485315672343
 1.087899043027248
 0.851739202565946
 0.9265006884745632
 0.9179675025828876
 1.051092398725535
 0.9793378142892706
 1.116873573887149
 1.212724822778136
 0.8686868686868694


